luna_wave,138330103;138330201;148230404;219020103;260740105;263980103;263980105;266370101;547890301;572570102;572570104;621110205;736230203;740710102;800950102
melorhythm,102340101;138330104;260740101;260740203;263980305;266370104;266370202;547890301;547890302;621110103;660120105;660120407;736230303;736230304;740710105;773010301
jazztune,138330102;138330306;219020202;260740105;263980203;266370202;371050201;632560103;660120904;736230105;740710104;773010204;773010304;800950102;800950205;804010103
acousticdreams,102340101;102340102;138330105;148230303;245940201;260740104;263980103;266370205;371050103;371050105;371050205;431320101;431320205;572570101;572570303;632560102;660120102;660120203;660120405;773010101;800950202
classicharmony,102340206;138330204;138330306;148230105;148230305;219020104;219020202;263980104;263980303;266370101;572570101;572570204;632560105;660120205;660120409;736230201;740710204;740710402;773010303;773010304;804010203
fusiondream9876,102340201;138330203;142690204;148230304;148230402;219020202;260740104;263980101;266370204;632560105;632560203;660120102;736230202;736230203;736230303;740710403;773010202;773010703;800950205
sonicmix5990,103450204;138330304;142690105;142690201;148230401;245940101;266370202;371050101;371050103;371050203;572570104;572570303;632560105;632560204;736230102;736230105;740710101;740710402;800950201
rhythmmix9172,102340102;103450301;138330106;142690104;219020204;263980201;371050101;547890102;572570201;621110205;736230202;736230303;740710102;740710304;740710305;740710404;800950202;800950203
waveline0026,102340201;103450103;103450105;103450204;138330101;138330105;138330301;142690202;245940104;263980203;266370202;572570103;572570301;632560203;632560205;660120101;740710103;740710205;740710404;773010203;773010702
lunazone7261,103450202;103450203;103450204;103450205;103450303;142690104;148230205;148230403;148230405;260740103;260740202;263980103;263980104;263980203;266370105;431320101;431320204;572570105;572570204;572570304;740710301;773010104;773010105;800950202
electrodream8768,138330206;142690106;142690203;142690206;148230101;219020105;245940101;245940204;260740102;263980205;572570201;621110201;660120201;740710201
melodydeck5404,102340103;138330304;148230302;260740101;263980102;371050202;572570102;632560103
acoustictune1458,103450204;103450302;142690204;148230202;148230301;148230302;245940104;245940105;263980202;263980303;266370301;266370304;431320103;660120405;740710102;740710401;773010102;773010302
vibemix4345,103450101;138330102;138330205;148230105;245940203;266370202;371050105;371050202;621110105;660120102;660120201;740710404;804010105
harmonyrush3721,102340101;103450204;103450205;138330106;138330302;219020205;260740104;263980103;263980105;266370304;572570103;621110205;736230302;740710202;740710404;800950101;800950205;804010203
synthdream3531,103450104;103450105;103450303;138330202;138330302;142690105;142690202;142690206;263980302;266370203;572570102;572570104;572570105;621110203;632560204;660120104;660120405;736230101;773010201;804010102;804010103
retroroom2814,138330303;263980102;266370302;431320103;547890305;660120405;740710101;773010102
echoroom4161,138330106;138330202;142690105;142690106;148230204;148230302;148230303;219020103;245940104;245940105;245940203;263980303;547890302;660120204;740710101;740710103;740710201;740710305;773010201
beatline4339,102340104;103450202;148230105;219020201;245940103;260740102;263980301;371050105;371050204;431320104;431320202;572570305;621110205;632560205;660120201;660120202;736230103;740710104;740710304;773010102;773010301;800950202;800950205;804010102;804010203
echolab5690,102340206;103450105;103450202;138330202;138330304;138330305;142690205;245940105;260740204;263980203;263980303;266370203;371050102;431320105;547890102;572570202;660120903;773010201;773010702;804010201;804010202
wavesoul1592,103450302;138330304;142690103;142690104;148230101;263980105;547890105;572570204;773010101;773010104;804010205
cloudroom0122,102340102;138330105;142690105;148230302;219020101;371050201;431320202;740710102;740710203;773010203;773010303;800950202;800950205
wavetune7043,102340203;103450102;103450301;138330206;148230404;219020103;260740102;260740104;263980204;266370204;431320105;547890103;547890302;632560103;632560203;660120103;660120905;740710404;773010101;773010202;773010704;800950204;804010101
melodyroom2775,142690201;148230203;219020202;219020205;245940203;371050204;547890305;632560101;660120105;736230302;740710403;800950103;800950104
flowline8527,102340206;142690105;266370201;572570105;572570305;632560102;660120406;736230201;740710103;740710402;740710403;773010102
sonicwave9152,102340202;103450201;103450205;138330303;245940202;266370304;431320101;572570101;572570202;621110104;660120202;740710204;740710401;740710403;773010302;773010704;773010705
fusiondeck2450,102340106;138330204;138330206;148230304;245940205;263980205;547890103;572570103;621110204;660120409;740710304;773010301;800950102;800950103;800950105
fusionrush5785,103450202;138330206;142690203;148230402;219020105;245940104;266370301;431320203;572570202;572570305;621110201;632560101;632560103;736230205;736230304;740710102;740710303;800950204;804010104
synthdream8826,102340104;142690206;148230204;148230305;266370102;572570101;660120105;736230104;736230204;740710103;773010202;773010305;800950205
jazzrush2684,103450301;245940101;266370102;266370105;371050102;431320201;547890305;572570203;621110101
retroline8707,103450305;138330101;138330201;138330306;142690204;148230401;148230404;245940201;547890302;572570103;632560104;632560205;736230303;740710201;740710303;773010104;804010101;804010103
rhythmmix1758,103450102;103450306;148230104;148230305;260740102;260740104;263980203;266370101;266370102;431320204;547890303;621110101;621110103;621110204;660120103;740710105;773010103;773010201;773010301;773010304
melodylab7152,102340203;138330105;138330202;138330301;138330304;148230204;263980303;266370203;266370304;371050103;371050104;547890304;572570303;621110101;632560205;660120103;740710203;740710405;773010302;800950101;800950202
melodydeck9760,102340205;103450103;103450204;148230301;148230302;148230305;219020205;260740102;431320203;547890103;572570301;800950103;800950201
cloudroom2804,103450304;138330202;138330302;138330303;142690206;148230105;219020205;260740203;263980304;572570104;621110101;632560204;660120203;736230302;740710101;804010103
vibedeck4562,102340203;102340206;138330204;138330206;142690103;148230203;245940203;260740102;263980202;263980305;266370201;371050203;660120103;660120203;660120408;736230205;740710405
sonicmix3815,102340105;103450205;138330302;142690202;148230304;219020104;245940102;245940103;260740101;260740104;266370303;431320204;632560103;632560204;660120202;660120204;740710305;740710401;740710403;800950105;800950201;804010101;804010202
acousticdream5290,103450202;103450302;103450303;142690104;148230305;245940102;260740103;572570202;773010103;800950203;804010205
beatrush7088,103450201;138330306;148230204;245940201;260740102;263980302;660120205;740710102;800950104;800950205
rhythmsoul7603,102340102;103450304;138330305;148230205;266370102;572570101;572570104;572570201;736230104;740710202;800950101;800950105
acousticsoul1814,102340104;138330201;142690206;219020205;245940104;245940205;260740103;263980102;263980103;263980204;266370201;431320202;547890103;572570303;621110101;632560202;632560203;736230101;736230302;740710402;773010303;804010103;804010201;804010202;804010203
neonrush7994,102340101;102340102;102340206;103450105;103450201;103450203;138330106;148230203;148230405;219020201;266370102;371050201;371050205;431320105;547890102;547890304;572570304;621110101;632560104;736230202;736230203;740710201;773010102;773010202;773010303
jazzmix5529,102340102;102340201;138330101;138330203;142690104;142690106;245940205;266370205;371050103;431320103;773010101;773010302
beattune9575,138330105;142690201;148230304;260740101;263980101;621110205;632560101;632560204;660120405;740710104;740710202;740710403;773010205;773010302;773010303
fusionlab9641,102340205;138330204;138330302;245940101;245940103;245940104;260740201;266370305;547890102;547890103;632560103;632560201;632560203;736230101;740710304
pixelpulse3024,102340201;102340206;103450104;103450305;142690104;142690204;148230103;148230201;148230302;245940205;260740101;260740203;263980104;371050204;431320103;547890104;572570301;660120409;736230305;740710402;740710405;773010701;773010704;800950104
pixeldream4173,103450103;138330204;148230202;148230402;621110205;736230304;740710405;773010103;773010703;804010201
rhythmsoul6076,102340203;138330203;142690104;148230303;148230404;219020203;245940205;263980305;266370303;431320105;431320202;572570203;621110203;660120203;736230103;740710202
rhythmpulse0842,138330201;138330202;148230102;148230203;219020104;263980101;547890302;632560101;740710104;740710201;740710302
retrozone8846,103450105;138330204;142690103;148230304;219020104;219020204;245940202;371050103;547890301;572570304;632560102;660120409;660120904;736230305;740710104;773010104;800950203;804010104
